20
22
23
25
25
25
25
26
26
26
26
27
28
29
30
30
31
31
33
33
35
36
36
36
38
39
39
39
42
43
43
48
48
48
48
48
49
49
49
49
50
50
52
52
52
53
56
57
57
57
58
60
60
61
61
61
62
62
62
64
64
65
65
66
67
67
68
68
70
70
70
71
72
72
72
74
75
76
76
77
79
79
82
83
84
85
86
86
87
87
88
88
89
90
91
92
92
93
94
95
95
97
98
98
98
99
101
101
102
103
104
106
106
107
108
108
109
111
112
114
114
115
117
118
119
119
120
120
121
121
122
122
125
128
128
129
130
131
132
133
133
135
135
136
137
138
138
139
140
140
141
143
143
144
144
144
147
149
150
151
153
153
156
159
161
162
162
162
162
162
163
164
164
165
165
165
167
168
168
170
172
174
177
177
179
181
182
183
184
184
186
186
186
186
187
187
188
188
189
190
