21
22
22
25
25
25
25
25
26
28
29
32
35
36
37
37
38
38
38
39
39
39
41
41
43
45
45
45
47
47
49
49
49
50
53
53
53
53
54
54
54
55
56
56
58
58
58
59
59
60
61
61
62
62
63
63
63
63
64
65
65
66
66
67
68
69
70
70
70
73
73
73
75
75
77
78
78
80
80
80
83
83
83
84
85
85
86
89
89
90
91
92
92
93
94
94
94
95
95
97
98
99
99
100
101
101
101
103
106
106
107
107
107
108
109
109
110
110
111
112
116
116
116
118
121
121
121
123
125
125
126
126
127
131
131
132
132
133
133
135
135
136
137
137
138
139
139
145
146
146
147
148
148
149
149
150
152
152
152
152
153
153
154
155
155
155
155
156
156
156
156
158
158
159
160
160
160
162
165
166
167
167
167
169
171
174
175
175
176
181
181
181
183
184
184
185
186
187
188
190
