47
94
185
69
58
106
59
62
133
155
135
29
53
55
121
85
65
116
138
47
165
91
101
89
83
25
38
60
63
77
121
83
21
125
37
90
146
101
136
73
41
73
70
156
148
45
62
116
169
78
109
153
53
107
53
49
97
43
126
89
132
26
123
176
85
183
162
70
80
41
152
121
181
45
109
160
95
175
174
107
158
98
167
61
158
171
53
190
80
54
127
133
139
145
25
112
58
38
132
153
32
58
37
25
64
155
99
70
186
73
103
49
25
175
39
22
56
184
108
99
181
78
101
147
149
139
50
84
125
68
94
181
83
152
111
93
131
107
160
54
94
110
63
28
155
167
137
35
156
49
59
160
149
100
152
86
36
75
54
146
167
118
63
66
188
135
110
106
67
92
56
154
95
126
152
150
159
45
187
148
80
39
116
22
38
166
92
25
155
65
61
137
63
156
184
75
131
156
39
66
