95
183
67
92
52
67
68
43
50
111
26
118
189
164
108
107
187
48
29
132
95
186
57
108
50
140
64
25
62
61
163
60
49
71
188
33
31
99
122
38
39
25
49
186
97
101
121
182
87
39
149
125
58
128
172
94
98
57
27
122
79
70
186
72
119
65
156
76
143
106
91
179
104
187
138
186
130
25
138
164
48
36
150
52
48
109
70
88
177
84
30
86
62
66
184
141
64
165
76
89
143
147
174
26
30
177
120
188
88
33
20
167
131
22
25
52
137
49
144
31
28
77
135
85
184
114
68
165
61
72
70
26
98
162
36
23
56
119
79
53
162
48
75
36
98
133
136
43
92
26
153
35
135
190
168
39
121
181
117
168
139
165
49
101
129
161
102
159
151
62
153
112
65
144
128
42
162
82
60
90
74
48
162
103
93
120
144
83
114
115
72
87
57
140
162
106
133
170
86
61
