1990
1981
1969
1969
1964
1954
1913
1909
1901
1897
1887
1882
1869
1869
1862
1862
1859
1845
1816
1803
1796
1794
1779
1768
1738
1707
1701
1697
1685
1683
1683
1682
1682
1671
1662
1660
1651
1650
1639
1618
1589
1587
1583
1579
1575
1567
1549
1543
1530
1514
1513
1494
1490
1485
1476
1476
1441
1437
1436
1426
1424
1412
1409
1398
1373
1368
1364
1358
1330
1312
1297
1293
1287
1276
1268
1251
1238
1223
1195
1191
1189
1188
1177
1151
1151
1116
1114
1106
1105
1104
1098
1097
1085
1081
1058
1034
1021
1017
977
965
959
922
921
912
908
903
885
884
883
881
880
874
869
845
830
825
824
820
814
808
803
800
798
776
766
750
749
741
731
720
711
697
676
672
669
654
654
638
633
620
610
581
581
516
510
480
480
474
473
460
444
431
424
420
412
406
396
382
380
378
368
344
339
331
322
307
306
280
241
236
224
222
218
210
209
199
182
174
169
165
159
156
138
129
125
119
113
105
100
89
88
83
69
66
63
62
46
37
36
36
