21
36
36
37
46
62
63
66
69
83
88
89
100
105
113
119
125
129
138
156
159
165
169
174
182
199
209
210
218
222
224
236
241
280
306
307
322
331
339
344
368
378
380
382
396
406
412
420
424
431
444
460
473
474
480
480
510
516
581
581
610
620
633
638
654
654
669
672
676
697
711
720
731
741
749
750
766
776
798
800
803
808
814
820
824
825
830
845
869
874
880
881
883
884
885
903
908
912
921
922
959
965
977
1017
1021
1034
1058
1081
1085
1097
1098
1104
1105
1106
1114
1116
1151
1151
1177
1188
1189
1191
1195
1223
1238
1251
1268
1276
1287
1293
1297
1312
1330
1358
1364
1368
1373
1398
1409
1412
1424
1426
1436
1437
1441
1476
1476
1485
1490
1494
1513
1514
1530
1543
1549
1567
1575
1579
1583
1587
1589
1618
1639
1650
1651
1660
1662
1671
1682
1682
1683
1683
1685
1697
1701
1707
1738
1768
1779
1794
1796
1803
1816
1845
1859
1862
1862
1869
1869
1882
1887
1897
1901
1909
1913
1954
1964
1969
1969
1981
