1424
165
720
100
431
800
749
874
69
581
307
959
1437
37
1682
1085
516
182
236
125
1707
1373
473
89
1530
1494
1618
406
322
1803
669
672
218
1768
331
1662
1796
113
845
420
1651
1364
1901
1268
138
1587
1897
1964
884
105
1683
1195
88
199
1845
654
1368
903
1476
344
1436
412
1034
368
711
1116
1177
129
750
1312
306
881
1330
883
396
1549
1579
339
1097
654
922
209
1882
977
380
444
1869
741
46
1426
1913
480
731
1441
1358
1476
697
1104
1293
1081
1409
1287
1188
869
119
62
378
1514
241
1583
766
1151
280
36
1682
83
620
1251
633
174
1575
1779
21
1567
1151
1990
1869
36
830
1981
820
480
1954
159
1114
638
1683
1589
1098
676
1513
1794
1862
1485
1859
1862
1412
1650
908
1697
1738
798
1909
1223
808
1671
814
1017
1969
610
824
474
776
1398
210
1816
1685
825
1189
224
1543
885
1660
965
1297
424
1105
460
1639
1276
1490
1701
66
510
1021
880
1238
921
1969
156
222
912
803
1058
581
169
1106
1887
382
63
